1.000000000000000000e+00 4.326253845294142364e-01 -1.497811332776534665e-01 -9.968008558589749879e-02 -2.133763312638028431e-01 -2.304057289457157320e-01 -4.705437674876029180e-02 4.482975360609792181e-02 2.444324752164709069e-01
4.326253845294142364e-01 1.000000000000000000e+00 -2.292445170657420317e-01 -2.065797603036679531e-01 -2.303829490066361396e-01 9.512727202336229704e-02 1.192362590120226579e-01 1.475062793595776911e-01 1.115343629715390278e-01
-1.497811332776534665e-01 -2.292445170657420317e-01 1.000000000000000000e+00 8.820429646686405167e-01 5.929059469589246234e-01 -4.446398969588562511e-01 -6.024723186811679065e-01 -5.467328378607544392e-01 -9.236835063687919012e-02
-9.968008558589749879e-02 -2.065797603036679531e-01 8.820429646686405167e-01 1.000000000000000000e+00 6.611769138721490524e-01 -4.132268702160661333e-01 -5.588502735939542276e-01 -5.668469275937947360e-01 -1.652335040261127541e-01
-2.133763312638028431e-01 -2.303829490066361396e-01 5.929059469589246234e-01 6.611769138721490524e-01 1.000000000000000000e+00 -1.764977283020198739e-01 -2.083301558142541532e-01 -2.684601382059150776e-01 -3.449744908959742062e-01
-2.304057289457157320e-01 9.512727202336229704e-02 -4.446398969588562511e-01 -4.132268702160661333e-01 -1.764977283020198739e-01 1.000000000000000000e+00 5.213439216542384846e-01 4.604075792434548786e-01 -1.028725806767855216e-01
-4.705437674876029180e-02 1.192362590120226579e-01 -6.024723186811679065e-01 -5.588502735939542276e-01 -2.083301558142541532e-01 5.213439216542384846e-01 1.000000000000000000e+00 6.128187494183310324e-01 4.154193137171293543e-02
4.482975360609792181e-02 1.475062793595776911e-01 -5.467328378607544392e-01 -5.668469275937947360e-01 -2.684601382059150776e-01 4.604075792434548786e-01 6.128187494183310324e-01 1.000000000000000000e+00 1.326484300146526518e-01
2.444324752164709069e-01 1.115343629715390278e-01 -9.236835063687919012e-02 -1.652335040261127541e-01 -3.449744908959742062e-01 -1.028725806767855216e-01 4.154193137171293543e-02 1.326484300146526518e-01 1.000000000000000000e+00
